0.70
0.50
0.44
0.07
0.05
0.14
0.07
0.12
0.35
0.41
0.15
0.58
0.85
0.57
0.04
0.41
0.07
0.29
0.02
0.87
0.32
0.56
0.34
0.23
0.68
0.63
0.98
0.95
0.07
0.72
0.69
0.78
0.51
0.82
0.91
0.67
0.73
0.57
0.96
0.15
0.09
0.65
0.61
0.31
0.44
0.57
0.09
0.56
0.41
0.99
0.54
0.34
0.18
0.53
0.23
0.72
0.59
0.14
0.60
0.65
0.95
0.24
0.80
0.11
0.01
0.38
0.38
0.42
0.83
0.42
0.21
0.10
0.41
0.02
0.67
0.89
0.01
0.86
0.10
0.65
0.59
0.52
0.15
0.65
0.31
0.98
0.81
0.44
0.82
0.99
0.73
0.87
0.90
0.61
0.32
0.42
0.70
0.49
0.30
0.38
0.30
0.30
0.42
0.63
0.27
0.39
0.74
0.52
0.91
0.03
0.75
0.84
0.90
0.91
0.46
0.22
0.99
0.57
0.66
0.97
0.87
0.05
0.00
0.79
0.48
0.91
0.88
0.86
0.43
0.71
0.87
0.07
0.56
0.39
0.25
0.67
0.91
0.89
0.81
0.73
0.95
0.77
0.03
0.36
0.25
0.78
0.23
0.68
0.60
0.80
0.74
0.08
0.15
0.72
0.48
0.26
0.75
0.52
0.69
0.23
0.40
0.59
0.04
0.95
0.05
0.55
0.79
0.18
0.56
0.65
0.49
0.80
0.70
0.38
0.36
0.48
0.40
0.48
0.27
0.26
0.42
0.17
0.68
0.69
0.68
0.59
0.78
0.86
0.14
0.92
0.50
0.75
0.72
0.40
0.05
0.62
0.91
0.93
0.38
0.56
0.43
0.75
0.91
0.40
0.95
0.44
0.65
0.15
0.20
0.14
0.01
0.12
1.00
0.17
0.72
0.00
0.89
0.26
0.89
0.00
0.45
0.98
0.18
0.12
0.62
0.57
0.06
0.61
0.98
0.68
0.91
0.59
0.49
0.21
0.25
0.24
0.48
0.04
0.83
0.15
0.37
0.93
0.57
0.63
0.25
0.99
0.36
0.43
0.94
0.57
0.60
0.40
0.34
0.00
0.86
0.36
0.96
0.63
0.18
0.25
0.69
0.99
0.59
0.37
0.83
0.97
0.39
0.01
0.39
0.43
0.73
0.39
0.24
0.29
0.12
0.19
0.71
0.21
0.88
0.81
0.00
0.98
0.88
0.38
0.32
0.24
0.40
0.72
0.45
0.95
0.57
0.32
0.47
0.76
0.17
0.65
0.74
0.35
0.46
0.64
0.35
0.05
0.45
0.37
0.34
0.68
0.05
0.41
0.44
0.99
0.28
0.19
0.66
0.67
0.43
0.26
0.67
0.95
0.94
0.95
0.44
0.29
0.13
0.48
0.45
0.09
0.79
0.77
0.80
0.43
0.56
0.99
0.34
0.79
0.35
0.23
0.23
0.89
0.78
0.39
0.66
0.55
0.76
0.79
0.07
0.10
0.88
0.46
0.12
0.01
0.79
0.69
0.60
0.91
0.90
0.95
0.08
0.09
0.47
0.38
0.55
0.22
0.16
0.62
0.77
0.98
0.49
0.29
0.77
0.26
0.44
0.95
0.15
0.40
0.25
0.24
0.74
0.42
0.90
0.50
